2.704533333333333189e+01
5.704323333333333323e+01
5.538856666666666939e+01
6.488233333333333519e+01
8.391119999999999379e+01
1.052974999999999994e+02
1.246763666666666666e+02
1.485884000000000071e+02
1.755259333333333416e+02
2.052705333333333328e+02
2.397894666666666694e+02
2.725042666666666946e+02
3.070465333333333433e+02
3.394995333333333178e+02
3.686967999999999961e+02
3.976976333333333287e+02
4.215180333333333351e+02
4.451356333333333168e+02
4.785028666666666481e+02
5.194104333333333443e+02
5.620555000000000518e+02
6.105652333333333672e+02
6.406113000000000284e+02
6.515398000000000138e+02
6.752480666666666593e+02
7.035762999999999465e+02
7.282859333333333325e+02
7.475648333333333539e+02
7.656221000000000458e+02
7.848659333333333734e+02
7.934850333333333765e+02
8.001344333333332770e+02
8.154234666666666271e+02
8.301195333333333792e+02
8.441839666666667199e+02
8.429834666666666863e+02
8.422786999999999580e+02
8.382291000000000167e+02
8.240166000000000395e+02
8.123404333333332943e+02
8.031603999999999814e+02
7.993662000000000489e+02
7.844182333333333190e+02
7.610724000000000160e+02
7.331799333333333379e+02
7.106515666666666675e+02
6.898555000000000064e+02
6.706988333333333685e+02
6.482945333333333338e+02
6.190027999999999793e+02
5.845943333333333385e+02
5.532259999999999991e+02
5.232608000000000175e+02
4.861690333333333456e+02
4.456626333333333605e+02
4.053962333333333277e+02
3.700878000000000156e+02
3.323857666666666546e+02
2.943835333333333324e+02
2.558627333333333240e+02
2.187449333333333357e+02
1.866075666666666564e+02
1.605488000000000000e+02
1.379688999999999908e+02
1.171685333333333290e+02
9.893523333333332914e+01
8.244926666666667359e+01
6.734699999999999420e+01
5.555193333333333072e+01
4.630653333333333421e+01
3.812290000000000134e+01
3.110510000000000019e+01
2.495943333333333314e+01
1.963370000000000104e+01
1.534536666666666704e+01
1.185876666666666601e+01
9.035366666666666546e+00
6.809433333333333671e+00
4.923600000000000421e+00
3.661766666666666836e+00
2.586866666666666870e+00
1.824333333333333362e+00
1.289199999999999902e+00
9.163000000000000034e-01
6.426333333333332787e-01
4.437666666666666426e-01
2.903333333333333321e-01
2.048999999999999988e-01
1.386333333333333306e-01
1.038666666666666627e-01
7.280000000000000360e-02
5.123333333333333212e-02
3.269999999999999990e-02
1.549999999999999989e-02
9.366666666666667238e-03
2.866666666666666669e-03
8.999999999999999754e-04
6.666666666666666986e-05
0.000000000000000000e+00
0.000000000000000000e+00
