             0              0     -737281.02      420817.03              0              0              0              0     -621705.84      373911.04              0     -115575.18      46905.992              0      41.853548      4.6503943
   0.052734375              0     -736349.16      419932.74              0              0              0              0     -622159.76      374722.91              0     -114189.39      45209.833              0      41.853548      4.6503943
    0.10546875              0     -737687.85      421244.97              0              0              0              0     -624592.89      377747.38              0     -113094.96      43497.593              0      41.853548      4.6503943
    0.15234375              0     -741300.06      424950.64              0              0              0              0     -628319.88       381429.6              0     -112980.18      43521.043              0      41.853548      4.6503943
    0.20507812              0     -751699.17      435385.52              0              0              0              0     -637177.27      390531.86              0      -114521.9      44853.656              0      41.853548      4.6503943
    0.25195312              0     -763660.59       447317.4              0              0              0              0     -647040.07      400849.29              0     -116620.51      46468.109              0      41.853548      4.6503943
     0.3046875              0     -776444.72       460094.6              0              0              0              0     -658017.32      412212.03              0      -118427.4      47882.568              0      41.853548      4.6503943
     0.3515625              0     -788866.97      472481.92              0              0              0              0     -668849.21      423323.35              0     -120017.76      49158.568              0      41.853548      4.6503943
    0.40429688              0     -802846.57       486375.6              0              0              0              0     -681211.48      435589.35              0     -121635.08      50786.253              0      41.853548      4.6503943
    0.45117188              0     -816739.98      500159.91              0              0              0              0     -693633.48      448169.22              0      -123106.5      51990.695              0      41.853548      4.6503943
    0.50390625              0     -834417.51      517729.61              0              0              0              0     -709743.18      464848.53              0     -124674.33      52881.078              0      41.853548      4.6503943
    0.55078125              0     -852471.78      535731.68              0              0              0              0     -725945.18      481775.64              0     -126526.59      53956.046              0      41.853548      4.6503943
    0.60351562              0     -875815.41      559089.31              0              0              0              0     -746585.78      502799.34              0     -129229.64      56289.977              0      41.853548      4.6503943
    0.65039062              0     -899615.84      582853.87              0              0              0              0     -767870.98      524486.07              0     -131744.86      58367.806              0      41.853548      4.6503943
      0.703125              0     -931568.75      614806.95              0              0              0              0     -796402.57       553477.8              0     -135166.18      61329.151              0      41.853548      4.6503943
    0.75585938              0     -971388.98      654701.03              0              0              0              0     -831526.67       588922.2              0      -139862.3      65778.825              0      41.853548      4.6503943
    0.80273438              0     -1016278.1      699610.37              0              0              0              0     -870714.88      629137.39              0     -145563.18      70472.974              0      41.853548      4.6503943
    0.85546875              0     -1080872.3      764096.56              0              0              0              0     -926394.92      686640.93              0     -154477.34      77455.631              0      41.853548      4.6503943
    0.90234375              0     -1157207.8      840479.74              0              0              0              0     -990779.36      753197.16              0     -166428.46      87282.586              0      41.853548      4.6503943
    0.95507812              0     -1279038.2      962443.14              0              0              0              0       -1089271      855130.05              0     -189767.27      107313.09              0      41.853548      4.6503943
     1.0019531              0     -1412576.5      1095915.6              0              0              0              0     -1193205.1      964028.56              0     -219371.36      131887.05              0      41.853548      4.6503943
     1.0546875              0     -1438402.2      1121797.9              0              0              0              0     -1221326.6      998798.66              0     -217075.61      122999.21              0      41.853548      4.6503943
     1.1015625              0     -1380143.8      1063463.1              0              0              0              0     -1180393.8         964893              0     -199750.06      98570.065              0      41.853548      4.6503943
     1.1542969              0     -1277587.7      960874.93              0              0              0              0     -1101024.2      890306.49              0     -176563.55      70568.437              0      41.853548      4.6503943
     1.2011719              0     -1187505.1      870694.46              0              0              0              0     -1027000.1      816097.98              0     -160504.96      54596.474              0      41.853548      4.6503943
     1.2539062              0     -1098858.6      782028.87              0              0              0              0     -951411.18       738097.3              0     -147447.41      43931.574              0      41.853548      4.6503943
     1.3007812              0     -1032191.1      715368.69              0              0              0              0     -893046.75       676955.1              0      -139144.3      38413.592              0      41.853548      4.6503943
     1.3535156              0     -969325.91      652513.25              0              0              0              0     -837292.22      618176.57              0     -132033.69      34336.685              0      41.853548      4.6503943
     1.4003906              0     -922216.79      605442.32              0              0              0              0     -795112.45      573582.79              0     -127104.33      31859.526              0      41.853548      4.6503943
      1.453125              0     -878620.65      561872.87              0              0              0              0     -755513.73      531837.91              0     -123106.92       30034.96              0      41.853548      4.6503943
     1.5058594              0     -842529.54       525777.3              0              0              0              0     -722065.88      496349.32              0     -120463.66      29427.973              0      41.853548      4.6503943
     1.5527344              0     -814153.16      497401.98              0              0              0              0     -695818.78      468290.93              0     -118334.38       29111.05              0      41.853548      4.6503943
     1.6054688              0     -785878.87         469088              0              0              0              0     -670041.82      440855.56              0     -115837.06      28232.445              0      41.853548      4.6503943
     1.6523438              0     -763783.38      446954.92              0              0              0              0      -650063.1      419605.37              0     -113720.28      27349.553              0      41.853548      4.6503943
     1.7050781              0     -743048.98      426242.61              0              0              0              0     -631123.84      399598.17              0     -111925.14      26644.438              0      41.853548      4.6503943
     1.7519531              0     -728449.82      411693.98              0              0              0              0     -617215.51      384907.76              0     -111234.32      26786.216              0      41.853548      4.6503943
     1.8046875              0        -714004      397292.03              0              0              0              0     -603082.79      369544.66              0     -110921.21      27747.364              0      41.853548      4.6503943
     1.8515625              0     -702196.59      385464.27              0              0              0              0     -591733.39      356989.17              0      -110463.2      28475.108              0      41.853548      4.6503943
     1.9042969              0     -690823.35      374057.76              0              0              0              0     -580960.54      345342.82              0     -109862.81      28714.932              0      41.853548      4.6503943
     1.9511719              0     -683663.24      366880.19              0              0              0              0     -573852.46       337916.5              0     -109810.78      28963.682              0      41.853548      4.6503943
     2.0039062              0     -678655.09      361819.13              0              0              0              0     -568030.39      331602.54              0      -110624.7      30216.591              0      41.853548      4.6503943
     2.0507812              0     -676635.33      359802.11              0              0              0              0     -564820.46      328044.74              0     -111814.87      31757.365              0      41.853548      4.6503943
     2.1035156              0     -677871.57      361062.53              0              0              0              0     -564287.41      327391.75              0     -113584.17      33670.782              0      41.853548      4.6503943
     2.1503906              0     -682031.99      365277.72              0              0              0              0     -566519.64      329491.68              0     -115512.35      35786.039              0      41.853548      4.6503943
      2.203125              0     -693526.71      376796.13              0              0              0              0     -574089.15      336841.61              0     -119437.56       39954.52              0      41.853548      4.6503943
     2.2558594              0     -720696.35      403965.24              0              0              0              0     -592422.77      355021.18              0     -128273.58      48944.059              0      41.853548      4.6503943
     2.3027344              0     -777970.66      461217.39              0              0              0              0     -629541.11      392746.87              0     -148429.56      68470.522              0      41.853548      4.6503943
     2.3554688              0     -821510.99       504819.1              0              0              0              0      -660526.4       427162.8              0     -160984.59      77656.302              0      41.853548      4.6503943
     2.4023438              0     -791767.23      475129.13              0              0              0              0     -643187.71      412467.28              0     -148579.52      62661.845              0      41.853548      4.6503943
     2.4550781              0     -753234.53       436587.5              0              0              0              0     -617207.95      387007.42              0     -136026.58      49580.077              0      41.853548      4.6503943
     2.5019531              0     -729050.44      412374.46              0              0              0              0     -598695.36      367873.31              0     -130355.08      44501.148              0      41.853548      4.6503943
     2.5546875              0     -716804.28      400133.44              0              0              0              0     -586982.39      355568.79              0     -129821.88      44564.654              0      41.853548      4.6503943
     2.6015625              0     -717972.64      401307.07              0              0              0              0     -583686.11      351634.42              0     -134286.53      49672.657              0      41.853548      4.6503943
     2.6542969              0      -702975.4      386356.95              0              0              0              0     -572578.24      340356.76              0     -130397.16       46000.19              0      41.853548      4.6503943
     2.7011719              0     -689569.49      373012.01              0              0              0              0      -563097.4      331325.03              0     -126472.09      41686.974              0      41.853548      4.6503943
     2.7539062              0     -678130.75      361636.87              0              0              0              0     -553734.02      321591.64              0     -124396.73      40045.238              0      41.853548      4.6503943
     2.8007812              0     -670940.32      354457.01              0              0              0              0     -547720.48      315522.13              0     -123219.83      38934.876              0      41.853548      4.6503943
     2.8535156              0     -662777.72      346293.43              0              0              0              0     -540753.46       307937.1              0     -122024.26      38356.333              0      41.853548      4.6503943
     2.9003906              0     -657137.75      340668.72              0              0              0              0     -535834.77      302674.56              0     -121302.98      37994.167              0      41.853548      4.6503943
      2.953125              0     -653293.31      336850.05              0              0              0              0     -532149.76      298614.14              0     -121143.54      38235.904              0      41.853548      4.6503943
             3              0     -653017.73      336563.72              0              0              0              0     -530901.21      296979.42              0     -122116.51      39584.292              0      41.853548      4.6503943
